   realprecision = 38 significant digits
   echo = 1 (on)
? ? acurve=ellinit([0,0,1,-1,0])
[0, 0, 1, -1, 0, 0, -2, 1, -1, 48, -216, 37, 110592/37, [0.83756543528
332303544481089907503024040, 0.26959443640544455826293795134926000404, -1.
1071598716887675937077488504242902444]~, 2.9934586462319596298320099794525
081778, 2.4513893819867900608542248318665252253*I, -0.47131927795681147588
259389708033769964, -1.4354565186686843187232088566788165076*I, 7.33813274
07895767390707210033323055881]
? deu=direuler(p=2,100,1/(1-ellap(acurve,p)*x+if(acurve[12]%p,p,0)*x^2))
[1, -2, -3, 2, -2, 6, -1, 0, 6, 4, -5, -6, -2, 2, 6, -4, 0, -12, 0, -4
, 3, 10, 2, 0, -1, 4, -9, -2, 6, -12, -4, 8, 15, 0, 2, 12, -1, 0, 6, 0, -9
, -6, 2, -10, -12, -4, -9, 12, -6, 2, 0, -4, 1, 18, 10, 0, 0, -12, 8, 12, 
-8, 8, -6, -8, 4, -30, 8, 0, -6, -4, 9, 0, -1, 2, 3, 0, 5, -12, 4, 8, 9, 1
8, -15, 6, 0, -4, -18, 0, 4, 24, 2, 4, 12, 18, 0, -24, 4, 12, -30, -2]
? ellan(acurve,100)==deu
1
? \q
