   realprecision = 38 significant digits
   echo = 1 (on)
? setrand(1);bnf=bnfinit(x^2-x-57,,[0.2,0.2])
[Mat([3]), Mat([1, 2, 1, 2, 1, 2, 1, 2, 1]), [-2.712465305184343974680
8795106061300699 - 3.1415926535897932384626433832795028842*I; 2.7124653051
843439746808795106061300699 - 6.2831853071795864769252867665590057684*I], 
[-575.96476824756753723069812383847548501 + 3.1415926535897932384626433832
795028842*I, 551.92021890548710036272154926028390729 + 3.14159265358979323
84626433832795028842*I, -2182.8330851707114713996393899372203372 + 9.42477
79607693797153879301498385086526*I, 22773.85870232775201142066437104906806
6 + 6.7262326274067163460000000000000000000 E-44*I, 22749.9470943847253715
22362658767003613 + 8.9683101698756217950000000000000000000 E-44*I, -22485
.248523724199248946630547104902428 + 3.14159265358979323846264338327950288
42*I, 24764.229400428850901332468152110725047 + 4.484155084937810897000000
0000000000000 E-44*I, -0.34328764427702709438988786673341921876 + 3.141592
6535897932384626433832795028842*I, -22509.02540427005566223247521509196639
4 + 3.1415926535897932384626433832795028842*I, 22773.924880629634757152849
739541391231 + 9.4247779607693797153879301498385086526*I; 575.964768247567
53723069812383847548501 + 12.566370614359172953850573533118011536*I, -551.
92021890548710036272154926028390729 + 3.1415926535897932384626433832795028
842*I, 2182.8330851707114713996393899372203372 + 12.5663706143591729538505
73533118011536*I, -22773.858702327752011420664371049068066 + 8.96831016987
56217950000000000000000000 E-44*I, -22749.94709438472537152236265876700361
3 + 6.7262326274067163460000000000000000000 E-44*I, 22485.2485237241992489
46630547104902428 + 9.4247779607693797153879301498385086526*I, -24764.2294
00428850901332468152110725047 + 1.3452465254813432690000000000000000000 E-
43*I, 0.34328764427702709438988786673341921876 + 0.E-48*I, 22509.025404270
055662232475215091966394 + 9.4247779607693797153879301498385086526*I, -227
73.924880629634757152849739541391231 + 8.968310169875621795000000000000000
0000 E-44*I], [[3, [-1, 1]~, 1, 1, [0, 1]~], [3, [0, 1]~, 1, 1, [-1, 1]~],
 [5, [-2, 1]~, 1, 1, [1, 1]~], [5, [1, 1]~, 1, 1, [-2, 1]~], [11, [-2, 1]~
, 1, 1, [1, 1]~], [11, [1, 1]~, 1, 1, [-2, 1]~], [17, [-3, 1]~, 1, 1, [2, 
1]~], [17, [2, 1]~, 1, 1, [-3, 1]~], [19, [-1, 1]~, 1, 1, [0, 1]~], [19, [
0, 1]~, 1, 1, [-1, 1]~]]~, [1, 3, 5, 2, 4, 6, 7, 8, 10, 9]~, [x^2 - x - 57
, [2, 0], 229, 1, [[1, -7.0663729752107779635959310246705326058; 1, 8.0663
729752107779635959310246705326058], [1, 1; -7.0663729752107779635959310246
705326058, 8.0663729752107779635959310246705326058], [2, 1.000000000000000
0000000000000000000000; 1.0000000000000000000000000000000000000, 115.00000
000000000000000000000000000000], [2, 1; 1, 115], [229, 114; 0, 1], [115, -
1; -1, 2], [229, 114; 0, 1]], [-7.0663729752107779635959310246705326058, 8
.0663729752107779635959310246705326058], [1, x], [1, 0; 0, 1], [1, 0, 0, 5
7; 0, 1, 1, 1]], [[3, [3], [[3, 2; 0, 1]]], 2.7124653051843439746808795106
061300699, 0.88144225126545793690341704100000000000, [2, -1], [x + 7], 141
], [Mat([1]), Mat([1]), [[[3, 2; 0, 1], [0.E-48, 0.E-48]]]], 0]
? bnr=bnrclass(bnf,[[5,3;0,1],[1,0]],2)
[[Mat([3]), Mat([1, 2, 1, 2, 1, 2, 1, 2, 1]), [-2.71246530518434397468
08795106061300699 - 3.1415926535897932384626433832795028842*I; 2.712465305
1843439746808795106061300699 - 6.2831853071795864769252867665590057684*I],
 [-575.96476824756753723069812383847548501 + 3.141592653589793238462643383
2795028842*I, 551.92021890548710036272154926028390729 + 3.1415926535897932
384626433832795028842*I, -2182.8330851707114713996393899372203372 + 9.4247
779607693797153879301498385086526*I, 22773.8587023277520114206643710490680
66 + 6.7262326274067163460000000000000000000 E-44*I, 22749.947094384725371
522362658767003613 + 8.9683101698756217950000000000000000000 E-44*I, -2248
5.248523724199248946630547104902428 + 3.1415926535897932384626433832795028
842*I, 24764.229400428850901332468152110725047 + 4.48415508493781089700000
00000000000000 E-44*I, -0.34328764427702709438988786673341921876 + 3.14159
26535897932384626433832795028842*I, -22509.0254042700556622324752150919663
94 + 3.1415926535897932384626433832795028842*I, 22773.92488062963475715284
9739541391231 + 9.4247779607693797153879301498385086526*I; 575.96476824756
753723069812383847548501 + 12.566370614359172953850573533118011536*I, -551
.92021890548710036272154926028390729 + 3.141592653589793238462643383279502
8842*I, 2182.8330851707114713996393899372203372 + 12.566370614359172953850
573533118011536*I, -22773.858702327752011420664371049068066 + 8.9683101698
756217950000000000000000000 E-44*I, -22749.9470943847253715223626587670036
13 + 6.7262326274067163460000000000000000000 E-44*I, 22485.248523724199248
946630547104902428 + 9.4247779607693797153879301498385086526*I, -24764.229
400428850901332468152110725047 + 1.3452465254813432690000000000000000000 E
-43*I, 0.34328764427702709438988786673341921876 + 0.E-48*I, 22509.02540427
0055662232475215091966394 + 9.4247779607693797153879301498385086526*I, -22
773.924880629634757152849739541391231 + 8.96831016987562179500000000000000
00000 E-44*I], [[3, [-1, 1]~, 1, 1, [0, 1]~], [3, [0, 1]~, 1, 1, [-1, 1]~]
, [5, [-2, 1]~, 1, 1, [1, 1]~], [5, [1, 1]~, 1, 1, [-2, 1]~], [11, [-2, 1]
~, 1, 1, [1, 1]~], [11, [1, 1]~, 1, 1, [-2, 1]~], [17, [-3, 1]~, 1, 1, [2,
 1]~], [17, [2, 1]~, 1, 1, [-3, 1]~], [19, [-1, 1]~, 1, 1, [0, 1]~], [19, 
[0, 1]~, 1, 1, [-1, 1]~]]~, [1, 3, 5, 2, 4, 6, 7, 8, 10, 9]~, [x^2 - x - 5
7, [2, 0], 229, 1, [[1, -7.0663729752107779635959310246705326058; 1, 8.066
3729752107779635959310246705326058], [1, 1; -7.066372975210777963595931024
6705326058, 8.0663729752107779635959310246705326058], [2, 1.00000000000000
00000000000000000000000; 1.0000000000000000000000000000000000000, 115.0000
0000000000000000000000000000000], [2, 1; 1, 115], [229, 114; 0, 1], [115, 
-1; -1, 2], [229, 114; 0, 1]], [-7.0663729752107779635959310246705326058, 
8.0663729752107779635959310246705326058], [1, x], [1, 0; 0, 1], [1, 0, 0, 
57; 0, 1, 1, 1]], [[3, [3], [[3, 2; 0, 1]]], 2.712465305184343974680879510
6061300699, 0.88144225126545793690341704100000000000, [2, -1], [x + 7], 14
1], [Mat([1]), Mat([1]), [[[3, 2; 0, 1], [0.E-48, 0.E-48]]]], 0], [[[5, 3;
 0, 1], [1, 0]], [8, [4, 2], [[2, 0]~, [-4, 0]~]], Mat([[5, [-2, 1]~, 1, 1
, [1, 1]~], 1]), [[[[4], [[2, 0]~], [[2, 0]~], [[Mod(0, 2)]~], 1]], [[2], 
[[-4, 0]~], Mat([1])]], [1, 0; 0, 1]], [[1, 0]~], [1, -3, -6; 0, 0, 1; 0, 
1, 0], [12, [12], [[3, 2; 0, 1]]], [[0, 0; 0, 1], [-1, -1; 1, -1]]]
? idealprimedec(bnf,7)
[[7, [7, 0]~, 1, 2, [1, 0]~]]
? bnrisprincipal(bnr,idealprimedec(bnf,7)[1])
[[9]~, [329/6561, -7/19683]~, 125]
? ? nfpol=x^5-5*x^3+5*x+25
x^5 - 5*x^3 + 5*x + 25
? nf=nfinit(nfpol)
[x^5 - 5*x^3 + 5*x + 25, [1, 2], 595125, 45, [[1, -2.42851749071941860
68992069565359418364, 5.8976972027301414394898806541072047941, -7.07345267
15090929269887668671457811020, 3.8085820570096366144649278594400435257; 1,
 1.9647119211288133163138753392090569931 + 0.80971492418897895128294082219
556466857*I, 3.2044546745713084269203768790545260356 + 3.18171312854000053
41145852263331539899*I, -0.16163499313031744537610982231988834519 + 1.8880
437862007056931906454476483475283*I, 2.06607095383724806326989711488010906
92 + 2.6898967519623140991170523711857387388*I; 1, -0.75045317576910401286
427186094108607489 + 1.3101462685358123283560773619310445915*I, -1.1533032
759363791466653172061081284327 - 1.9664068558894834311780119356739268309*I
, 1.1983613288848639088704932558927788962 + 0.6437023807625698889957032567
1192132449*I, -0.47036198234206637050236104460013083212 + 0.08362826671158
9186119416762685933385421*I], [1, 2, 2; -2.4285174907194186068992069565359
418364, 3.9294238422576266326277506784181139862 - 1.6194298483779579025658
816443911293371*I, -1.5009063515382080257285437218821721497 - 2.6202925370
716246567121547238620891831*I; 5.8976972027301414394898806541072047941, 6.
4089093491426168538407537581090520712 - 6.36342625708000106822917045266630
79798*I, -2.3066065518727582933306344122162568654 + 3.93281371177896686235
60238713478536619*I; -7.0734526715090929269887668671457811020, -0.32326998
626063489075221964463977669038 - 3.7760875724014113863812908952966950567*I
, 2.3967226577697278177409865117855577924 - 1.2874047615251397779914065134
238426489*I; 3.8085820570096366144649278594400435257, 4.132141907674496126
5397942297602181385 - 5.3797935039246281982341047423714774776*I, -0.940723
96468413274100472208920026166424 - 0.1672565334231783722388335253718667708
4*I], [5, 4.0215293653309345240000000000000000000 E-87, 10.000000000000000
000000000000000000000, -5.0000000000000000000000000000000000000, 7.0000000
000000000000000000000000000000; 4.0215293653309345240000000000000000000 E-
87, 19.488486013650707197449403270536023970, 8.043058730661869049000000000
0000000000 E-86, 19.488486013650707197449403270536023970, 4.15045922467060
85588902013976045703227; 10.000000000000000000000000000000000000, 8.043058
7306618690490000000000000000000 E-86, 85.960217420851846480305133936577594
605, -36.034268291482979838267056239752434596, 53.576130452511107888183080
361946556763; -5.0000000000000000000000000000000000000, 19.488486013650707
197449403270536023970, -36.034268291482979838267056239752434596, 60.916248
374441986300937507618575151517, -18.470101750219179344070032346246890434; 
7.0000000000000000000000000000000000000, 4.1504592246706085588902013976045
703227, 53.576130452511107888183080361946556763, -18.470101750219179344070
032346246890434, 37.970152892842367340897384258599214282], [5, 0, 10, -5, 
7; 0, 10, 0, 10, -5; 10, 0, 30, -55, 20; -5, 10, -55, 45, -39; 7, -5, 20, 
-39, 9], [345, 0, 340, 167, 150; 0, 345, 110, 220, 153; 0, 0, 5, 2, 1; 0, 
0, 0, 1, 0; 0, 0, 0, 0, 1], [132825, -18975, -5175, 27600, 17250; -18975, 
34500, 41400, 3450, -43125; -5175, 41400, -41400, -15525, 51750; 27600, 34
50, -15525, -3450, 0; 17250, -43125, 51750, 0, -86250], [595125, 0, 0, 581
325, 474375; 0, 119025, 0, 117300, 63825; 0, 0, 119025, 67275, 113850; 0, 
0, 0, 1725, 0; 0, 0, 0, 0, 8625]], [-2.42851749071941860689920695653594183
64, 1.9647119211288133163138753392090569931 + 0.80971492418897895128294082
219556466857*I, -0.75045317576910401286427186094108607489 + 1.310146268535
8123283560773619310445915*I], [1, x, x^2, 1/3*x^3 - 1/3*x^2 - 1/3, 1/15*x^
4 + 1/3*x^2 + 1/3*x + 1/3], [1, 0, 0, 1, -5; 0, 1, 0, 0, -5; 0, 0, 1, 1, -
5; 0, 0, 0, 3, 0; 0, 0, 0, 0, 15], [1, 0, 0, 0, 0, 0, 0, 1, -2, -1, 0, 1, 
-5, -5, -3, 0, -2, -5, 1, -4, 0, -1, -3, -4, -3; 0, 1, 0, 0, 0, 1, 0, 0, -
2, 0, 0, 0, -5, 0, -5, 0, -2, 0, -5, 0, 0, 0, -5, 0, -4; 0, 0, 1, 0, 0, 0,
 1, 1, -2, 1, 1, 1, -5, 3, -3, 0, -2, 3, -5, 1, 0, 1, -3, 1, -2; 0, 0, 0, 
1, 0, 0, 0, 3, -1, 2, 0, 3, 0, 5, 1, 1, -1, 5, -4, 3, 0, 2, 1, 3, 1; 0, 0,
 0, 0, 1, 0, 0, 0, 5, 0, 0, 0, 15, -5, 10, 0, 5, -5, 10, -2, 1, 0, 10, -2,
 7]]
? vp=idealprimedec(nf,3)[1]
[3, [1, 1, 0, 0, 0]~, 1, 1, [1, -1, -1, 0, 0]~]
? idealhnf(nf,vp[2],3)

[3 1 2 2 2]

[0 1 0 0 0]

[0 0 1 0 0]

[0 0 0 1 0]

[0 0 0 0 1]

? ? nf3=nfinit(x^6+108);
? aut=nfgaloisconj(nf3,1)
[x, 1/12*x^4 - 1/2*x, -1/12*x^4 - 1/2*x, 1/12*x^4 + 1/2*x, -1/12*x^4 +
 1/2*x, -x]
? nfgaloisapply(nf3,aut[2],Mod(x^5,x^6+108))
Mod(-1/2*x^5 + 9*x^2, x^6 + 108)
? ? nfisideal(bnf[7],[5,1;0,1])
1
? ? \q
